Sample GSI YEAR MONTH Location Sex
NA NA NA NA NA NA NA
24 24 5.297 1 5 1 1
48 48 4.2968 1 5 3 1
58 58 3.5008 1 6 1 1
60 60 3.2487 1 6 1 1
61 61 3.2304 1 6 1 1
62 62 3.2263 1 5 3 1
63 63 3.1848 1 6 1 1
65 65 2.9683 1 6 1 1
66 66 2.9544 1 5 1 1
67 67 2.939 1 6 1 1
68 68 2.9327 1 5 1 1
69 69 2.8933 1 6 1 1
70 70 2.8593 1 6 1 1
71 71 2.8534 1 5 1 1
72 72 2.8188 1 6 1 1
73 73 2.8129 1 6 1 1
74 74 2.8037 1 6 1 1
75 75 2.7928 1 6 1 1
77 77 2.6601 1 5 1 1
78 78 2.6492 1 6 1 1
79 79 2.6353 1 5 3 1
80 80 2.6341 1 5 1 1
81 81 2.6241 1 5 1 1
82 82 2.6151 1 5 3 1
83 83 2.6064 1 5 1 1
84 84 2.5951 1 5 1 1
85 85 2.5781 1 4 3 1
86 86 2.5674 1 5 1 1
87 87 2.5616 1 5 1 1
88 88 2.5545 1 6 1 1
89 89 2.5526 1 5 1 1
90 90 2.499 1 6 1 1
91 91 2.4789 1 6 1 1
92 92 2.4606 1 6 1 1
94 94 2.4425 1 6 1 1
95 95 2.4356 1 5 1 1
96 96 2.4238 1 5 1 1
97 97 2.4145 1 5 1 1
98 98 2.4062 1 6 3 1
99 99 2.4038 1 5 1 1
100 100 2.402 1 6 3 1
101 101 2.4006 1 6 3 1
103 103 2.3976 1 5 1 1
104 104 2.3923 1 5 3 1
105 105 2.3882 1 5 1 1
106 106 2.3848 1 6 3 1
107 107 2.3847 1 5 1 1
108 108 2.3746 1 5 3 1
109 109 2.3731 1 5 1 1
110 110 2.3723 1 5 1 1
111 111 2.3714 1 5 1 1
112 112 2.3496 1 6 1 1
113 113 2.3495 1 6 1 1
114 114 2.3282 1 5 1 1
115 115 2.3251 1 5 1 1
116 116 2.322 1 5 1 1
117 117 2.3018 1 6 1 1
118 118 2.3011 1 5 1 1
119 119 2.3 1 5 3 1
120 120 2.286 1 6 1 1
121 121 2.2739 1 5 3 1
122 122 2.2397 1 5 1 1
123 123 2.2392 1 5 1 1
124 124 2.2346 1 5 1 1
125 125 2.2333 1 5 3 1
126 126 2.2233 1 5 1 1
127 127 2.2004 1 5 1 1
128 128 2.187 1 5 1 1
129 129 2.1861 1 5 3 1
130 130 2.1664 1 6 1 1
132 132 2.1571 1 3 3 1
133 133 2.1351 1 6 1 1
134 134 2.1322 1 5 1 1
135 135 2.0922 1 5 1 1
136 136 2.0816 1 5 1 1
137 137 2.0776 1 4 3 1
138 138 2.0694 1 5 1 1
139 139 2.0692 1 5 1 1
140 140 2.0688 1 5 1 1
141 141 2.058 1 5 1 1
142 142 2.0413 1 5 3 1
143 143 2.0259 1 3 3 1
144 144 2.0219 1 5 3 1
145 145 2.0017 1 6 1 1
146 146 1.9842 1 5 1 1
147 147 1.9821 1 5 1 1
148 148 1.9814 1 4 3 1
149 149 1.9621 1 4 3 1
150 150 1.9606 1 5 3 1
151 151 1.9531 1 5 3 1
152 152 1.9021 1 4 3 1
153 153 1.8667 1 6 1 1
154 154 1.8623 1 4 3 1
155 155 1.8468 1 5 1 1
156 156 1.8295 1 5 3 1
157 157 1.8123 1 6 1 1
158 158 1.7984 1 5 1 1
159 159 1.7695 1 4 3 1
161 161 1.7217 1 4 3 1
162 162 1.7187 1 6 1 1
163 163 1.6963 1 6 1 1
164 164 1.6953 1 5 1 1
165 165 1.6927 1 5 1 1
166 166 1.6779 1 5 1 1
167 167 1.6679 1 3 3 1
168 168 1.6669 1 5 1 1
169 169 1.616 1 5 3 1
170 170 1.6157 1 4 3 1
171 171 1.6 1 3 1 1
173 173 1.5658 1 5 1 1
174 174 1.5652 1 4 3 1
175 175 1.5375 1 5 1 1
176 176 1.5303 1 4 3 1
177 177 1.5284 1 5 3 1
180 180 1.5011 1 5 1 1
183 183 1.4546 1 4 3 1
185 185 1.4418 1 3 1 1
187 187 1.4348 1 5 1 1
188 188 1.4332 1 3 1 1
189 189 1.4224 1 4 3 1
190 190 1.3878 1 5 1 1
191 191 1.3794 1 3 1 1
192 192 1.3694 1 3 3 1
194 194 1.3306 1 3 1 1
195 195 1.3258 1 3 3 1
196 196 1.309 1 2 1 1
197 197 1.2717 1 5 1 1
198 198 1.261 1 1 1 1
199 199 1.2585 1 5 1 1
200 200 1.2556 1 5 1 1
201 201 1.2392 1 5 1 1
202 202 1.2091 1 3 3 1
203 203 1.2007 1 3 3 1
204 204 1.1997 1 1 1 1
205 205 1.1983 1 3 1 1
206 206 1.181 1 6 3 1
207 207 1.1784 1 5 1 1
208 208 1.1496 1 3 3 1
209 209 1.147 1 2 1 1
210 210 1.1318 1 5 1 1
211 211 1.1313 1 3 3 1
214 214 1.0964 1 3 3 1
217 217 1.0419 1 3 1 1
221 221 1.0226 1 3 1 1
222 222 1.0218 1 5 1 1
223 223 1.0215 1 3 3 1
225 225 0.9874 1 5 1 1
227 227 0.9868 1 4 3 1
228 228 0.9824 1 2 1 1
229 229 0.968 1 5 1 1
231 231 0.9479 1 3 1 1
232 232 0.9418 1 4 3 1
234 234 0.9219 1 2 1 1
235 235 0.9172 1 3 3 1
236 236 0.9 1 4 3 1
237 237 0.8954 1 4 3 1
238 238 0.8877 1 3 1 1
239 239 0.8876 1 5 1 1
240 240 0.8761 1 5 1 1
242 242 0.8567 1 5 1 1
244 244 0.8373 1 1 1 1
245 245 0.8111 1 5 1 1
246 246 0.799 1 3 3 1
249 249 0.7294 1 3 3 1
250 250 0.7004 1 3 1 1
251 251 0.6882 1 3 3 1
252 252 0.6839 1 3 1 1
253 253 0.6767 1 3 3 1
254 254 0.6748 1 5 1 1
256 256 0.66 1 4 3 1
257 257 0.6459 1 3 3 1
262 262 0.5876 1 4 3 1
263 263 0.5798 1 4 3 1
265 265 0.5685 1 2 1 1
267 267 0.556 1 3 1 1
268 268 0.5558 1 5 1 1
269 269 0.5556 1 5 1 1
270 270 0.5533 1 3 1 1
271 271 0.5518 1 1 3 1
272 272 0.5493 1 3 1 1
274 274 0.5444 1 3 3 1
275 275 0.5318 1 2 1 1
276 276 0.5307 1 3 1 1
277 277 0.5175 1 6 1 1
278 278 0.4943 1 4 3 1
279 279 0.4921 1 1 1 1
280 280 0.4832 1 3 3 1
281 281 0.4808 1 1 1 1
282 282 0.4774 1 3 1 1
283 283 0.4756 1 2 3 1
284 284 0.4653 1 3 1 1
285 285 0.4506 1 5 1 1
286 286 0.4377 1 6 1 1
287 287 0.4259 1 4 3 1
288 288 0.4132 1 2 3 1
289 289 0.3976 1 4 3 1
290 290 0.3905 1 3 1 1
291 291 0.3904 1 3 3 1
297 297 0.343 1 4 3 1
298 298 0.3421 1 3 1 1
302 302 0.3289 1 1 1 1
304 304 0.3122 1 2 1 1
306 306 0.3041 1 4 3 1
307 307 0.3039 1 3 1 1
308 308 0.3028 1 3 1 1
310 310 0.2895 1 3 1 1
312 312 0.287 1 2 3 1
317 317 0.2758 1 1 1 1
318 318 0.2739 1 3 3 1
319 319 0.2738 1 2 3 1
320 320 0.2683 1 2 3 1
321 321 0.265 1 3 3 1
327 327 0.2577 1 2 3 1
328 328 0.2529 1 2 3 1
329 329 0.2506 1 1 1 1
330 330 0.2463 1 3 3 1
332 332 0.2352 1 3 3 1
337 337 0.2252 1 3 1 1
338 338 0.2242 1 5 1 1
340 340 0.2214 1 2 1 1
341 341 0.2207 1 2 1 1
342 342 0.2204 1 2 1 1
346 346 0.2189 1 2 3 1
353 353 0.2065 1 3 1 1
354 354 0.2061 1 3 3 1
358 358 0.2028 1 3 3 1
359 359 0.2024 1 2 1 1
360 360 0.1985 1 2 3 1
363 363 0.1935 1 4 3 1
364 364 0.1893 1 3 3 1
365 365 0.1892 1 3 3 1
366 366 0.1887 1 3 3 1
367 367 0.1875 1 3 1 1
368 368 0.1859 1 2 1 1
371 371 0.1827 1 2 3 1
376 376 0.175 1 5 1 1
378 378 0.1681 1 4 3 1
381 381 0.1661 1 1 3 1
382 382 0.1657 1 2 1 1
383 383 0.1654 1 2 3 1
385 385 0.1621 1 2 1 1
388 388 0.1611 1 2 1 1
389 389 0.1589 1 2 1 1
391 391 0.1555 1 2 1 1
392 392 0.1549 1 2 1 1
393 393 0.1543 1 1 1 1
394 394 0.1541 1 1 1 1
399 399 0.1492 1 3 1 1
410 410 0.1402 1 2 1 1
411 411 0.1401 1 2 3 1
412 412 0.14 1 2 1 1
415 415 0.1395 1 2 1 1
417 417 0.139 1 2 1 1
421 421 0.1347 1 3 1 1
423 423 0.1344 1 2 1 1
424 424 0.134 1 1 1 1
427 427 0.133 1 1 1 1
431 431 0.1316 1 1 1 1
435 435 0.1261 1 2 1 1
436 436 0.1261 1 2 1 1
437 437 0.1239 1 2 1 1
440 440 0.1212 1 3 1 1
444 444 0.1186 1 3 3 1
445 445 0.1181 1 2 1 1
448 448 0.1162 1 1 1 1
449 449 0.1121 1 2 1 1
451 451 0.1079 1 4 3 1
453 453 0.1069 1 1 1 1
456 456 0.1061 1 1 1 1
459 459 0.1014 1 2 3 1
461 461 0.0987 1 1 1 1
462 462 0.0969 1 1 1 1
466 466 0.0929 1 2 1 1
467 467 0.0928 1 2 3 1
471 471 0.0907 1 2 1 1
474 474 0.0888 1 1 3 1
476 476 0.0881 1 2 3 1
477 477 0.0877 1 2 1 1
479 479 0.0866 1 1 1 1
481 481 0.0827 1 2 1 1
482 482 0.0817 1 2 3 1
483 483 0.0817 1 2 1 1
488 488 0.079 1 1 1 1
491 491 0.0774 1 3 1 1
494 494 0.0738 1 1 1 1
499 499 0.0711 1 1 1 1
506 506 0.0647 1 1 1 1
515 515 0.0554 1 2 1 1
518 518 0.053 1 2 1 1
519 519 0.0526 1 1 3 1
527 527 0.047 1 1 3 1
535 535 0.0375 1 1 1 1
537 537 0.0334 1 1 3 1
539 539 0.0276 1 1 1 1
542 542 0.0218 1 4 3 1
543 543 0.019 1 2 1 1
544 544 0.0167 1 6 1 1
545 545 0.0131 1 5 1 1
763 763 4.2144 2 10 1 1
765 765 4.1906 2 11 1 1
771 771 3.8598 2 11 1 1
773 773 3.804 2 9 1 1
778 778 3.5826 2 8 1 1
785 785 3.3895 2 8 1 1
786 786 3.3839 2 8 1 1
787 787 3.3324 2 8 1 1
788 788 3.2799 2 6 1 1
789 789 3.2536 2 4 1 1
790 790 3.2492 2 6 1 1
791 791 3.2383 2 6 1 1
792 792 3.2333 2 8 1 1
793 793 3.2161 2 11 1 1
794 794 3.1991 2 8 1 1
795 795 3.1264 2 5 1 1
796 796 3.1242 2 11 1 1
799 799 3.0116 2 10 1 1
800 800 2.9792 2 8 1 1
802 802 2.9531 2 6 1 1
803 803 2.9504 2 8 1 1
805 805 2.8932 2 6 1 1
807 807 2.8892 2 6 1 1
808 808 2.865 2 6 1 1
809 809 2.8257 2 7 3 1
810 810 2.8067 2 6 1 1
811 811 2.7965 2 8 1 1
813 813 2.7649 2 5 1 1
814 814 2.7588 2 5 1 1
815 815 2.7189 2 8 1 1
816 816 2.7134 2 11 1 1
817 817 2.7084 2 6 1 1
818 818 2.7035 2 4 1 1
819 819 2.7023 2 5 3 1
820 820 2.6864 2 6 3 1
821 821 2.6559 2 4 3 1
822 822 2.6494 2 6 1 1
823 823 2.6463 2 8 1 1
824 824 2.6269 2 5 1 1
825 825 2.6265 2 10 1 1
826 826 2.603 2 7 3 1
827 827 2.5842 2 9 1 1
828 828 2.569 2 12 1 1
829 829 2.568 2 8 1 1
830 830 2.555 2 8 1 1
832 832 2.5396 2 9 1 1
834 834 2.502 2 11 1 1
835 835 2.496 2 7 3 1
836 836 2.4848 2 5 1 1
837 837 2.4796 2 10 1 1
838 838 2.4732 2 7 3 1
839 839 2.4703 2 6 1 1
841 841 2.436 2 4 1 1
843 843 2.4254 2 12 1 1
844 844 2.4221 2 6 1 1
845 845 2.4193 2 4 3 1
846 846 2.4151 2 4 3 1
847 847 2.4094 2 2 1 1
848 848 2.409 2 6 1 1
849 849 2.4 2 7 3 1
850 850 2.4 2 4 1 1
851 851 2.3826 2 9 1 1
852 852 2.3697 2 10 1 1
853 853 2.3689 2 5 1 1
854 854 2.3632 2 5 3 1
855 855 2.3571 2 7 3 1
856 856 2.3504 2 10 1 1
858 858 2.3468 2 9 1 1
859 859 2.3456 2 9 3 1
860 860 2.3423 2 7 3 1
861 861 2.3414 2 6 1 1
862 862 2.329 2 8 1 1
863 863 2.3209 2 4 1 1
864 864 2.3194 2 7 3 1
865 865 2.319 2 4 4 1
867 867 2.3154 2 4 4 1
869 869 2.2992 2 6 3 1
870 870 2.29 2 5 1 1
871 871 2.289 2 6 3 1
872 872 2.2888 2 5 1 1
873 873 2.2852 2 7 3 1
874 874 2.2779 2 4 1 1
875 875 2.272 2 10 1 1
876 876 2.2706 2 5 1 1
878 878 2.255 2 5 1 1
879 879 2.252 2 10 1 1
880 880 2.251 2 7 3 1
882 882 2.2494 2 5 1 1
883 883 2.2451 2 4 4 1
884 884 2.2393 2 4 4 1
886 886 2.2339 2 6 3 1
887 887 2.2302 2 5 1 1
888 888 2.2302 2 6 3 1
890 890 2.2184 2 4 3 1
891 891 2.2135 2 6 3 1
892 892 2.2048 2 12 1 1
893 893 2.1835 2 10 1 1
894 894 2.1727 2 6 3 1
895 895 2.1721 2 4 4 1
897 897 2.1564 2 5 3 1
898 898 2.1554 2 7 3 1
899 899 2.1478 2 4 2 1
900 900 2.1454 2 5 1 1
901 901 2.1439 2 11 1 1
902 902 2.1304 2 7 3 1
903 903 2.1282 2 10 1 1
904 904 2.1271 2 1 1 1
906 906 2.1238 2 6 1 1
907 907 2.1196 2 11 1 1
908 908 2.1129 2 7 3 1
910 910 2.1114 2 5 1 1
911 911 2.1047 2 6 1 1
912 912 2.1038 2 7 3 1
913 913 2.0966 2 7 3 1
914 914 2.0756 2 9 1 1
915 915 2.0749 2 8 1 1
916 916 2.0739 2 4 1 1
917 917 2.0737 2 11 1 1
918 918 2.0617 2 7 3 1
919 919 2.0602 2 6 3 1
920 920 2.0575 2 8 1 1
921 921 2.0431 2 8 1 1
922 922 2.0397 2 6 1 1
923 923 2.0371 2 4 1 1
924 924 2.0327 2 5 1 1
925 925 2.0273 2 7 3 1
926 926 2.0221 2 5 1 1
927 927 2.0191 2 10 1 1
928 928 2.0055 2 9 1 1
929 929 1.9916 2 5 3 1
930 930 1.9895 2 5 1 1
931 931 1.9881 2 12 1 1
932 932 1.9869 2 10 1 1
933 933 1.9832 2 7 3 1
934 934 1.9804 2 6 3 1
935 935 1.9753 2 8 1 1
936 936 1.9749 2 3 3 1
937 937 1.9736 2 4 3 1
938 938 1.9686 2 7 3 1
939 939 1.9477 2 5 3 1
940 940 1.9355 2 5 3 1
941 941 1.9303 2 4 4 1
943 943 1.9115 2 7 3 1
944 944 1.9009 2 5 3 1
945 945 1.8922 2 7 3 1
946 946 1.8892 2 10 1 1
947 947 1.8816 2 8 3 1
948 948 1.8812 2 8 1 1
949 949 1.8762 2 4 4 1
950 950 1.8723 2 9 1 1
951 951 1.8715 2 10 1 1
952 952 1.8639 2 5 3 1
953 953 1.8637 2 8 1 1
954 954 1.858 2 3 3 1
955 955 1.8573 2 8 1 1
956 956 1.8508 2 11 1 1
957 957 1.8493 2 12 1 1
958 958 1.8493 2 4 3 1
959 959 1.849 2 4 3 1
960 960 1.8437 2 4 2 1
961 961 1.8413 2 7 3 1
963 963 1.8365 2 12 1 1
965 965 1.8265 2 1 3 1
966 966 1.8201 2 6 3 1
967 967 1.8173 2 6 1 1
968 968 1.8169 2 7 3 1
969 969 1.8149 2 7 3 1
970 970 1.8121 2 9 1 1
971 971 1.8105 2 5 1 1
972 972 1.8052 2 12 1 1
973 973 1.8042 2 7 3 1
974 974 1.7939 2 7 3 1
975 975 1.7916 2 2 1 1
977 977 1.7814 2 9 1 1
978 978 1.7798 2 9 1 1
979 979 1.7679 2 10 1 1
980 980 1.7654 2 6 1 1
981 981 1.7638 2 11 1 1
982 982 1.7584 2 7 3 1
983 983 1.7573 2 8 1 1
984 984 1.7569 2 5 3 1
985 985 1.7565 2 9 1 1
986 986 1.7509 2 10 1 1
987 987 1.7441 2 3 2 1
988 988 1.7403 2 12 3 1
989 989 1.7374 2 4 1 1
990 990 1.7279 2 5 1 1
991 991 1.725 2 8 1 1
992 992 1.7231 2 8 1 1
993 993 1.7095 2 4 1 1
994 994 1.7088 2 4 2 1
995 995 1.6981 2 5 1 1
996 996 1.6972 2 5 1 1
997 997 1.6887 2 4 2 1
998 998 1.6842 2 4 3 1
999 999 1.6798 2 10 1 1
1000 1000 1.6773 2 7 3 1
1001 1001 1.6757 2 6 3 1
1002 1002 1.6756 2 4 2 1
1003 1003 1.6677 2 4 3 1
1004 1004 1.6665 2 10 1 1
1005 1005 1.6569 2 9 1 1
1006 1006 1.647 2 6 3 1
1008 1008 1.6369 2 6 3 1
1009 1009 1.6362 2 4 3 1
1010 1010 1.6339 2 8 1 1
1011 1011 1.6271 2 4 3 1
1012 1012 1.6181 2 4 3 1
1013 1013 1.6029 2 4 3 1
1014 1014 1.6019 2 8 1 1
1015 1015 1.598 2 10 1 1
1016 1016 1.5924 2 3 2 1
1017 1017 1.5875 2 7 3 1
1018 1018 1.5849 2 3 3 1
1019 1019 1.5675 2 5 3 1
1020 1020 1.5648 2 8 1 1
1021 1021 1.5648 2 4 3 1
1022 1022 1.5572 2 4 4 1
1023 1023 1.5565 2 10 1 1
1024 1024 1.556 2 4 3 1
1025 1025 1.5558 2 8 1 1
1026 1026 1.5537 2 10 1 1
1027 1027 1.5511 2 4 2 1
1028 1028 1.5495 2 11 1 1
1029 1029 1.5489 2 7 3 1
1030 1030 1.5076 2 6 1 1
1031 1031 1.5064 2 4 1 1
1032 1032 1.496 2 1 1 1
1033 1033 1.4882 2 5 1 1
1034 1034 1.4822 2 7 3 1
1036 1036 1.4774 2 6 1 1
1037 1037 1.4619 2 11 1 1
1038 1038 1.4616 2 4 4 1
1039 1039 1.4599 2 5 1 1
1040 1040 1.4595 2 9 1 1
1041 1041 1.4593 2 5 1 1
1042 1042 1.4565 2 9 1 1
1043 1043 1.4526 2 4 3 1
1044 1044 1.4433 2 8 1 1
1045 1045 1.4415 2 6 3 1
1047 1047 1.436 2 4 3 1
1048 1048 1.4353 2 5 1 1
1050 1050 1.4265 2 4 4 1
1051 1051 1.425 2 7 3 1
1052 1052 1.4226 2 6 1 1
1053 1053 1.4199 2 6 3 1
1054 1054 1.4111 2 4 1 1
1055 1055 1.4027 2 4 2 1
1056 1056 1.378 2 9 1 1
1057 1057 1.3639 2 4 1 1
1058 1058 1.356 2 9 1 1
1059 1059 1.354 2 3 3 1
1060 1060 1.3431 2 1 3 1
1061 1061 1.3344 2 4 2 1
1062 1062 1.3344 2 6 3 1
1064 1064 1.3296 2 8 3 1
1065 1065 1.3225 2 4 1 1
1066 1066 1.317 2 10 1 1
1067 1067 1.3024 2 6 3 1
1068 1068 1.2938 2 4 3 1
1069 1069 1.2921 2 6 3 1
1070 1070 1.2878 2 3 3 1
1071 1071 1.2746 2 9 1 1
1072 1072 1.274 2 11 1 1
1073 1073 1.2738 2 4 1 1
1074 1074 1.2643 2 9 1 1
1075 1075 1.2627 2 9 1 1
1076 1076 1.2578 2 10 1 1
1077 1077 1.2577 2 10 1 1
1078 1078 1.2571 2 4 2 1
1079 1079 1.2553 2 4 4 1
1080 1080 1.2548 2 4 2 1
1081 1081 1.245 2 4 2 1
1082 1082 1.2433 2 11 1 1
1084 1084 1.2372 2 9 3 1
1085 1085 1.2295 2 9 1 1
1086 1086 1.2277 2 9 1 1
1087 1087 1.2256 2 2 1 1
1088 1088 1.2184 2 9 1 1
1089 1089 1.216 2 4 4 1
1090 1090 1.2039 2 4 4 1
1091 1091 1.2014 2 10 1 1
1092 1092 1.1938 2 4 1 1
1093 1093 1.1826 2 2 1 1
1094 1094 1.1799 2 2 3 1
1095 1095 1.1797 2 4 4 1
1096 1096 1.1776 2 6 1 1
1097 1097 1.1711 2 3 2 1
1098 1098 1.1705 2 9 1 1
1099 1099 1.1677 2 6 3 1
1100 1100 1.1673 2 6 3 1
1101 1101 1.1665 2 4 2 1
1102 1102 1.1631 2 6 3 1
1103 1103 1.1624 2 10 1 1
1104 1104 1.155 2 11 1 1
1105 1105 1.1547 2 4 4 1
1106 1106 1.1529 2 11 1 1
1107 1107 1.1433 2 7 3 1
1108 1108 1.1393 2 4 2 1
1109 1109 1.1351 2 3 3 1
1110 1110 1.1335 2 7 3 1
1111 1111 1.1237 2 11 1 1
1112 1112 1.1199 2 4 3 1
1113 1113 1.1186 2 11 1 1
1114 1114 1.1177 2 12 3 1
1116 1116 1.1111 2 3 2 1
1117 1117 1.1053 2 3 2 1
1118 1118 1.1043 2 7 3 1
1119 1119 1.103 2 4 4 1
1120 1120 1.0943 2 9 1 1
1121 1121 1.0943 2 4 2 1
1122 1122 1.0929 2 10 1 1
1123 1123 1.0818 2 6 1 1
1124 1124 1.0801 2 11 1 1
1125 1125 1.0789 2 5 3 1
1126 1126 1.0759 2 2 1 1
1127 1127 1.0759 2 4 4 1
1128 1128 1.0696 2 4 1 1
1129 1129 1.064 2 3 3 1
1130 1130 1.0596 2 10 1 1
1131 1131 1.0578 2 4 3 1
1133 1133 1.0487 2 12 3 1
1134 1134 1.0471 2 4 4 1
1135 1135 1.0435 2 3 2 1
1136 1136 1.0383 2 6 3 1
1137 1137 1.0367 2 4 1 1
1139 1139 1.0289 2 4 1 1
1140 1140 1.0276 2 6 3 1
1141 1141 1.0243 2 11 1 1
1142 1142 1.0235 2 5 1 1
1143 1143 1.0145 2 11 1 1
1144 1144 1.013 2 9 1 1
1145 1145 1.011 2 4 4 1
1146 1146 1.0107 2 11 1 1
1148 1148 0.9991 2 10 1 1
1149 1149 0.9986 2 6 1 1
1150 1150 0.9977 2 12 3 1
1152 1152 0.9918 2 3 3 1
1154 1154 0.9908 2 9 1 1
1155 1155 0.9846 2 4 2 1
1156 1156 0.9758 2 4 2 1
1157 1157 0.962 2 2 1 1
1158 1158 0.9583 2 10 1 1
1159 1159 0.9526 2 4 4 1
1160 1160 0.9499 2 4 3 1
1161 1161 0.9294 2 4 2 1
1162 1162 0.9201 2 5 3 1
1163 1163 0.9166 2 1 3 1
1164 1164 0.9153 2 3 2 1
1165 1165 0.8961 2 4 4 1
1167 1167 0.8584 2 6 1 1
1168 1168 0.841 2 3 3 1
1170 1170 0.8204 2 3 2 1
1171 1171 0.8064 2 3 2 1
1172 1172 0.7983 2 11 1 1
1173 1173 0.7933 2 9 1 1
1174 1174 0.7722 2 3 3 1
1175 1175 0.7632 2 4 4 1
1176 1176 0.7569 2 9 1 1
1177 1177 0.7479 2 11 1 1
1178 1178 0.745 2 8 3 1
1180 1180 0.7414 2 3 3 1
1181 1181 0.7256 2 9 1 1
1182 1182 0.7246 2 3 2 1
1183 1183 0.7237 2 6 1 1
1185 1185 0.7031 2 11 1 1
1186 1186 0.7012 2 11 1 1
1187 1187 0.6856 2 3 2 1
1188 1188 0.6775 2 1 3 1
1189 1189 0.6741 2 3 3 1
1191 1191 0.6469 2 4 3 1
1193 1193 0.6319 2 4 2 1
1194 1194 0.6051 2 4 2 1
1196 1196 0.59 2 1 3 1
1197 1197 0.5779 2 2 1 1
1200 1200 0.5571 2 3 2 1
1201 1201 0.5507 2 4 1 1
1202 1202 0.5198 2 11 1 1
1203 1203 0.4952 2 11 1 1
1204 1204 0.4789 2 4 2 1
1205 1205 0.4755 2 1 3 1
1206 1206 0.4654 2 11 1 1
1207 1207 0.4619 2 2 1 1
1208 1208 0.4525 2 2 1 1
1210 1210 0.444 2 4 3 1
1211 1211 0.4333 2 4 1 1
1213 1213 0.4323 2 3 2 1
1214 1214 0.4299 2 3 3 1
1215 1215 0.4282 2 4 1 1
1216 1216 0.4234 2 1 3 1
1218 1218 0.4056 2 2 1 1
1219 1219 0.3999 2 11 1 1
1221 1221 0.397 2 12 1 1
1222 1222 0.3957 2 4 1 1
1223 1223 0.3948 2 1 3 1
1224 1224 0.3879 2 4 3 1
1225 1225 0.3872 2 4 2 1
1226 1226 0.3858 2 4 2 1
1227 1227 0.3855 2 4 2 1
1234 1234 0.3584 2 3 2 1
1238 1238 0.3307 2 2 1 1
1240 1240 0.3079 2 12 1 1
1241 1241 0.3067 2 4 1 1
1247 1247 0.2883 2 3 3 1
1248 1248 0.2853 2 4 2 1
1250 1250 0.2807 2 4 1 1
1260 1260 0.2484 2 2 1 1
1262 1262 0.2464 2 11 1 1
1268 1268 0.2327 2 3 2 1
1270 1270 0.2306 2 1 1 1
1271 1271 0.2304 2 2 1 1
1274 1274 0.2231 2 2 1 1
1278 1278 0.2163 2 2 1 1
1281 1281 0.2153 2 4 3 1
1284 1284 0.2124 2 4 3 1
1286 1286 0.2089 2 1 1 1
1292 1292 0.2002 2 2 1 1
1293 1293 0.2 2 2 1 1
1295 1295 0.1975 2 1 1 1
1296 1296 0.1968 2 3 2 1
1297 1297 0.1967 2 1 1 1
1298 1298 0.1955 2 4 1 1
1300 1300 0.1915 2 4 3 1
1301 1301 0.1912 2 4 2 1
1302 1302 0.1906 2 1 1 1
1307 1307 0.1865 2 3 2 1
1308 1308 0.1853 2 3 2 1
1311 1311 0.1813 2 10 1 1
1313 1313 0.1809 2 4 3 1
1317 1317 0.1775 2 3 2 1
1319 1319 0.175 2 12 1 1
1321 1321 0.1723 2 4 2 1
1323 1323 0.1717 2 12 1 1
1325 1325 0.1695 2 3 2 1
1330 1330 0.1633 2 2 1 1
1334 1334 0.1607 2 2 1 1
1335 1335 0.1602 2 1 1 1
1337 1337 0.1564 2 4 2 1
1339 1339 0.1562 2 12 1 1
1342 1342 0.1522 2 1 1 1
1343 1343 0.1511 2 3 2 1
1348 1348 0.1481 2 3 2 1
1349 1349 0.1439 2 1 3 1
1350 1350 0.1406 2 3 2 1
1353 1353 0.1393 2 4 2 1
1354 1354 0.1392 2 1 1 1
1356 1356 0.1374 2 1 1 1
1357 1357 0.1367 2 12 1 1
1360 1360 0.1359 2 3 2 1
1364 1364 0.1341 2 4 3 1
1365 1365 0.129 2 12 1 1
1366 1366 0.1282 2 1 1 1
1368 1368 0.1258 2 1 1 1
1369 1369 0.1255 2 1 1 1
1370 1370 0.1251 2 3 2 1
1371 1371 0.1244 2 12 1 1
1372 1372 0.124 2 1 1 1
1374 1374 0.12 2 2 1 1
1376 1376 0.1197 2 1 1 1
1378 1378 0.1179 2 12 1 1
1380 1380 0.1176 2 1 1 1
1383 1383 0.1138 2 2 1 1
1389 1389 0.1097 2 2 1 1
1390 1390 0.108 2 12 1 1
1392 1392 0.1075 2 1 1 1
1393 1393 0.1073 2 1 1 1
1397 1397 0.1038 2 1 1 1
1400 1400 0.1032 2 3 2 1
1401 1401 0.1028 2 1 1 1
1407 1407 0.1009 2 2 1 1
1413 1413 0.0987 2 7 3 1
1414 1414 0.097 2 12 1 1
1417 1417 0.0962 2 1 1 1
1419 1419 0.095 2 4 2 1
1420 1420 0.0948 2 2 1 1
1422 1422 0.0943 2 2 1 1
1424 1424 0.0934 2 3 2 1
1427 1427 0.0914 2 12 1 1
1430 1430 0.089 2 12 1 1
1431 1431 0.089 2 1 1 1
1432 1432 0.0884 2 3 2 1
1433 1433 0.0881 2 12 1 1
1435 1435 0.0879 2 3 3 1
1436 1436 0.0874 2 2 1 1
1437 1437 0.0859 2 12 1 1
1438 1438 0.0855 2 1 1 1
1439 1439 0.0833 2 1 1 1
1440 1440 0.0812 2 1 1 1
1441 1441 0.081 2 12 1 1
1442 1442 0.0807 2 10 1 1
1443 1443 0.0807 2 12 1 1
1449 1449 0.0777 2 2 1 1
1450 1450 0.0759 2 12 1 1
1451 1451 0.073 2 2 1 1
1452 1452 0.0711 2 2 1 1
1453 1453 0.0707 2 1 1 1
1456 1456 0.0688 2 12 1 1
1461 1461 0.0639 2 12 1 1
1470 1470 0.0583 2 11 1 1
1475 1475 0.0546 2 12 1 1
1477 1477 0.054 2 2 1 1
1478 1478 0.0519 2 2 1 1
1479 1479 0.0511 2 1 1 1
1481 1481 0.0497 2 12 1 1
1485 1485 0.0456 2 12 1 1
1486 1486 0.0451 2 10 1 1
1487 1487 0.0427 2 1 1 1
1490 1490 0.0422 2 2 1 1
1491 1491 0.0409 2 12 1 1
1497 1497 0.0356 2 2 1 1
1499 1499 0.0327 2 11 1 1
1502 1502 0.0311 2 1 1 1
1505 1505 0.0279 2 1 1 1
1506 1506 0.0275 2 2 1 1
1507 1507 0.0273 2 1 1 1
1508 1508 0.0271 2 12 1 1
1510 1510 0.023 2 2 1 1
1514 1514 0.0198 2 2 1 1
1515 1515 0.0188 2 1 1 1
1517 1517 0.0157 2 4 3 1
1518 1518 0.0156 2 11 1 1
1519 1519 0.0072 2 8 1 1
1671 1671 4.5461 3 4 1 1
1676 1676 4.3298 3 10 1 1
1679 1679 4.0077 3 7 1 1
1683 1683 3.8539 3 7 1 1
1685 1685 3.6782 3 7 1 1
1686 1686 3.5841 3 8 1 1
1687 1687 3.5432 3 6 1 1
1691 1691 3.3677 3 6 1 1
1692 1692 3.3474 3 10 1 1
1693 1693 3.3018 3 7 1 1
1694 1694 3.2127 3 7 1 1
1695 1695 3.2008 3 6 1 1
1696 1696 3.1724 3 11 1 1
1697 1697 3.1514 3 6 1 1
1698 1698 3.1343 3 7 1 1
1699 1699 3.1056 3 7 1 1
1700 1700 3.0962 3 6 1 1
1701 1701 3.0758 3 7 1 1
1702 1702 3.0692 3 6 1 1
1704 1704 3.0409 3 7 1 1
1705 1705 2.9466 3 5 1 1
1706 1706 2.9211 3 7 1 1
1707 1707 2.9071 3 6 1 1
1708 1708 2.9065 3 8 1 1
1709 1709 2.902 3 8 1 1
1711 1711 2.8672 3 10 1 1
1713 1713 2.8344 3 7 3 1
1715 1715 2.8229 3 4 1 1
1716 1716 2.7935 3 7 1 1
1717 1717 2.787 3 7 1 1
1718 1718 2.7839 3 5 1 1
1719 1719 2.7711 3 5 1 1
1720 1720 2.7686 3 7 1 1
1721 1721 2.7548 3 10 1 1
1722 1722 2.7387 3 4 1 1
1723 1723 2.7273 3 7 3 1
1725 1725 2.7076 3 7 1 1
1726 1726 2.7019 3 10 3 1
1727 1727 2.6984 3 6 1 1
1728 1728 2.6953 3 8 1 1
1729 1729 2.6621 3 9 1 1
1730 1730 2.6569 3 4 1 1
1731 1731 2.6483 3 6 1 1
1732 1732 2.6345 3 6 1 1
1733 1733 2.6009 3 6 1 1
1734 1734 2.5895 3 6 1 1
1735 1735 2.5777 3 7 1 1
1736 1736 2.5763 3 7 1 1
1737 1737 2.5321 3 5 1 1
1738 1738 2.4984 3 10 1 1
1739 1739 2.4976 3 6 1 1
1740 1740 2.4955 3 6 1 1
1741 1741 2.4953 3 4 1 1
1742 1742 2.4917 3 5 1 1
1743 1743 2.4906 3 4 1 1
1744 1744 2.478 3 7 1 1
1745 1745 2.4763 3 6 1 1
1746 1746 2.4601 3 6 1 1
1747 1747 2.4528 3 4 1 1
1748 1748 2.4522 3 6 1 1
1749 1749 2.4475 3 9 1 1
1750 1750 2.4073 3 4 1 1
1752 1752 2.3846 3 4 1 1
1753 1753 2.3827 3 9 1 1
1754 1754 2.3782 3 6 1 1
1755 1755 2.3742 3 11 1 1
1756 1756 2.3645 3 4 1 1
1757 1757 2.3625 3 4 1 1
1758 1758 2.3624 3 5 1 1
1759 1759 2.3578 3 5 1 1
1761 1761 2.3242 3 6 1 1
1762 1762 2.3231 3 5 1 1
1763 1763 2.3218 3 4 1 1
1764 1764 2.311 3 1 1 1
1765 1765 2.3086 3 6 1 1
1766 1766 2.3085 3 10 1 1
1767 1767 2.3047 3 7 1 1
1768 1768 2.2917 3 4 1 1
1769 1769 2.2888 3 4 1 1
1771 1771 2.2751 3 2 1 1
1772 1772 2.2742 3 9 1 1
1773 1773 2.2736 3 7 1 1
1774 1774 2.2594 3 6 1 1
1775 1775 2.2491 3 7 1 1
1776 1776 2.238 3 9 1 1
1777 1777 2.2111 3 8 1 1
1778 1778 2.1912 3 6 1 1
1779 1779 2.1726 3 6 1 1
1780 1780 2.169 3 7 1 1
1781 1781 2.1686 3 7 1 1
1782 1782 2.1526 3 8 1 1
1783 1783 2.1248 3 4 1 1
1784 1784 2.1041 3 6 1 1
1785 1785 2.0947 3 5 1 1
1786 1786 2.0845 3 5 1 1
1787 1787 2.0833 3 10 1 1
1788 1788 2.08 3 6 1 1
1789 1789 2.0667 3 5 1 1
1790 1790 2.0643 3 8 1 1
1791 1791 2.0612 3 6 1 1
1792 1792 2.0554 3 5 1 1
1794 1794 2.0401 3 10 1 1
1796 1796 2.0305 3 9 1 1
1798 1798 1.9926 3 9 1 1
1799 1799 1.9837 3 6 1 1
1800 1800 1.9816 3 3 1 1
1801 1801 1.9756 3 9 1 1
1802 1802 1.9244 3 9 1 1
1803 1803 1.916 3 9 1 1
1805 1805 1.9085 3 9 1 1
1806 1806 1.9068 3 9 1 1
1808 1808 1.9007 3 9 1 1
1809 1809 1.8888 3 4 1 1
1810 1810 1.8596 3 5 1 1
1811 1811 1.8502 3 5 1 1
1812 1812 1.8322 3 8 1 1
1813 1813 1.8243 3 6 1 1
1814 1814 1.8182 3 4 1 1
1815 1815 1.8095 3 9 1 1
1816 1816 1.8072 3 5 1 1
1817 1817 1.8044 3 7 1 1
1818 1818 1.7994 3 5 1 1
1819 1819 1.7952 3 5 1 1
1820 1820 1.7925 3 9 1 1
1822 1822 1.7585 3 9 1 1
1823 1823 1.7311 3 9 3 1
1825 1825 1.7191 3 11 1 1
1826 1826 1.7188 3 5 1 1
1828 1828 1.6951 3 9 1 1
1829 1829 1.6734 3 10 1 1
1830 1830 1.6631 3 4 1 1
1831 1831 1.6514 3 11 1 1
1832 1832 1.645 3 8 1 1
1833 1833 1.6377 3 9 1 1
1834 1834 1.6106 3 5 1 1
1835 1835 1.5946 3 9 1 1
1836 1836 1.5662 3 3 1 1
1837 1837 1.5612 3 2 1 1
1838 1838 1.5555 3 6 1 1
1839 1839 1.545 3 11 1 1
1841 1841 1.5331 3 11 1 1
1842 1842 1.5242 3 3 1 1
1843 1843 1.519 3 8 1 1
1844 1844 1.5174 3 5 1 1
1845 1845 1.506 3 3 1 1
1846 1846 1.5055 3 9 3 1
1847 1847 1.5054 3 11 1 1
1848 1848 1.4969 3 8 1 1
1849 1849 1.476 3 8 1 1
1850 1850 1.4748 3 5 1 1
1852 1852 1.4721 3 4 1 1
1853 1853 1.4637 3 12 1 1
1854 1854 1.4465 3 11 1 1
1855 1855 1.4455 3 9 3 1
1856 1856 1.4385 3 1 3 1
1857 1857 1.4383 3 7 3 1
1858 1858 1.4375 3 9 3 1
1859 1859 1.4367 3 9 1 1
1860 1860 1.4204 3 9 1 1
1861 1861 1.4124 3 9 1 1
1862 1862 1.4107 3 5 1 1
1863 1863 1.407 3 3 1 1
1864 1864 1.3994 3 5 1 1
1865 1865 1.3938 3 8 1 1
1866 1866 1.3854 3 11 1 1
1867 1867 1.3794 3 8 1 1
1868 1868 1.3684 3 11 1 1
1869 1869 1.3625 3 11 1 1
1870 1870 1.357 3 9 1 1
1871 1871 1.3457 3 6 1 1
1872 1872 1.3228 3 11 1 1
1873 1873 1.3191 3 3 1 1
1874 1874 1.3018 3 5 1 1
1876 1876 1.2695 3 4 1 1
1877 1877 1.2689 3 8 1 1
1878 1878 1.2687 3 9 1 1
1879 1879 1.2545 3 1 2 1
1880 1880 1.2413 3 9 1 1
1881 1881 1.2359 3 7 3 1
1882 1882 1.2348 3 3 1 1
1884 1884 1.1933 3 5 1 1
1886 1886 1.1803 3 3 1 1
1887 1887 1.1557 3 8 1 1
1888 1888 1.1346 3 7 3 1
1889 1889 1.1332 3 11 1 1
1891 1891 1.1124 3 3 1 1
1892 1892 1.1097 3 3 1 1
1893 1893 1.1 3 5 1 1
1894 1894 1.0995 3 7 3 1
1895 1895 1.0958 3 7 3 1
1896 1896 1.091 3 5 1 1
1897 1897 1.0879 3 3 1 1
1898 1898 1.0764 3 10 1 1
1900 1900 1.0433 3 7 1 1
1901 1901 1.0409 3 4 1 1
1902 1902 1.0259 3 3 1 1
1903 1903 1.0227 3 3 1 1
1904 1904 1.0056 3 9 1 1
1905 1905 1.0048 3 9 1 1
1906 1906 1.0021 3 11 1 1
1907 1907 1 3 11 1 1
1908 1908 0.9969 3 3 1 1
1910 1910 0.9792 3 8 1 1
1912 1912 0.9745 3 2 1 1
1913 1913 0.9741 3 3 1 1
1915 1915 0.9387 3 7 3 1
1917 1917 0.9287 3 3 1 1
1919 1919 0.9184 3 11 1 1
1921 1921 0.8971 3 3 1 1
1923 1923 0.8571 3 3 1 1
1925 1925 0.8534 3 2 1 1
1926 1926 0.8441 3 2 1 1
1927 1927 0.842 3 8 1 1
1928 1928 0.8369 3 7 1 1
1929 1929 0.8263 3 9 3 1
1930 1930 0.8244 3 9 1 1
1931 1931 0.8195 3 11 1 1
1933 1933 0.7965 3 3 1 1
1934 1934 0.7955 3 4 1 1
1935 1935 0.7752 3 3 1 1
1936 1936 0.7643 3 4 1 1
1937 1937 0.7608 3 11 1 1
1938 1938 0.751 3 4 1 1
1939 1939 0.7396 3 2 1 1
1941 1941 0.7136 3 8 1 1
1943 1943 0.7083 3 2 1 1
1946 1946 0.6008 3 7 3 1
1947 1947 0.5955 3 4 1 1
1949 1949 0.5633 3 9 1 1
1951 1951 0.554 3 8 1 1
1952 1952 0.5498 3 5 1 1
1954 1954 0.5351 3 7 1 1
1956 1956 0.5061 3 2 1 1
1957 1957 0.502 3 7 1 1
1958 1958 0.4844 3 4 1 1
1959 1959 0.4828 3 1 2 1
1961 1961 0.4717 3 11 1 1
1962 1962 0.4716 3 3 1 1
1967 1967 0.4537 3 1 2 1
1968 1968 0.4526 3 2 1 1
1973 1973 0.4446 3 2 1 1
1974 1974 0.4367 3 3 1 1
1975 1975 0.4354 3 1 1 1
1978 1978 0.4311 3 4 1 1
1980 1980 0.4154 3 4 1 1
1981 1981 0.4107 3 2 1 1
1984 1984 0.385 3 2 1 1
1991 1991 0.36 3 4 1 1
1992 1992 0.357 3 11 1 1
1994 1994 0.3437 3 3 1 1
1995 1995 0.3315 3 4 1 1
2010 2010 0.3086 3 11 1 1
2022 2022 0.2821 3 1 1 1
2024 2024 0.2777 3 1 1 1
2026 2026 0.2747 3 1 1 1
2032 2032 0.2645 3 1 1 1
2039 2039 0.2587 3 1 3 1
2040 2040 0.2577 3 7 1 1
2041 2041 0.2571 3 1 1 1
2047 2047 0.238 3 9 1 1
2053 2053 0.2344 3 3 1 1
2055 2055 0.2313 3 1 1 1
2058 2058 0.2274 3 1 2 1
2060 2060 0.2253 3 9 1 1
2063 2063 0.2223 3 1 1 1
2066 2066 0.2193 3 12 1 1
2067 2067 0.2189 3 1 2 1
2068 2068 0.2148 3 12 1 1
2069 2069 0.2141 3 1 1 1
2071 2071 0.2097 3 12 1 1
2072 2072 0.2095 3 12 1 1
2073 2073 0.2076 3 2 1 1
2074 2074 0.2067 3 2 1 1
2076 2076 0.2054 3 12 1 1
2077 2077 0.2044 3 1 2 1
2079 2079 0.2031 3 1 1 1
2082 2082 0.2013 3 12 1 1
2084 2084 0.1986 3 1 2 1
2085 2085 0.1985 3 2 3 1
2086 2086 0.198 3 2 1 1
2087 2087 0.1973 3 1 2 1
2090 2090 0.1955 3 1 1 1
2093 2093 0.1898 3 3 1 1
2094 2094 0.1869 3 2 1 1
2096 2096 0.1854 3 1 2 1
2098 2098 0.182 3 1 1 1
2101 2101 0.1786 3 1 1 1
2102 2102 0.1735 3 1 3 1
2105 2105 0.1698 3 1 2 1
2108 2108 0.1663 3 1 2 1
2109 2109 0.1622 3 1 1 1
2111 2111 0.1608 3 3 1 1
2113 2113 0.1605 3 12 1 1
2118 2118 0.1599 3 2 1 1
2120 2120 0.1586 3 1 1 1
2121 2121 0.1584 3 1 2 1
2122 2122 0.1584 3 2 1 1
2123 2123 0.1583 3 1 1 1
2129 2129 0.1563 3 1 1 1
2131 2131 0.155 3 1 2 1
2132 2132 0.1545 3 1 2 1
2135 2135 0.1536 3 12 1 1
2136 2136 0.1535 3 2 1 1
2138 2138 0.1528 3 12 1 1
2139 2139 0.1527 3 1 2 1
2141 2141 0.1509 3 1 2 1
2143 2143 0.15 3 12 1 1
2144 2144 0.15 3 2 1 1
2146 2146 0.1462 3 12 1 1
2147 2147 0.1456 3 1 2 1
2148 2148 0.1436 3 1 2 1
2149 2149 0.1415 3 12 1 1
2151 2151 0.1411 3 2 1 1
2157 2157 0.1383 3 2 1 1
2158 2158 0.1374 3 2 1 1
2163 2163 0.1328 3 11 1 1
2168 2168 0.1319 3 12 1 1
2169 2169 0.1303 3 1 2 1
2170 2170 0.1301 3 1 2 1
2171 2171 0.1296 3 12 1 1
2172 2172 0.1293 3 12 1 1
2173 2173 0.1287 3 1 2 1
2174 2174 0.1286 3 1 2 1
2175 2175 0.1282 3 12 1 1
2176 2176 0.1274 3 2 1 1
2177 2177 0.1272 3 12 1 1
2178 2178 0.1265 3 1 1 1
2180 2180 0.126 3 12 1 1
2182 2182 0.1246 3 2 1 1
2183 2183 0.1236 3 1 1 1
2185 2185 0.122 3 1 2 1
2186 2186 0.1211 3 1 2 1
2187 2187 0.1211 3 2 1 1
2189 2189 0.1206 3 12 1 1
2190 2190 0.1202 3 1 2 1
2191 2191 0.1202 3 2 1 1
2192 2192 0.1189 3 12 1 1
2193 2193 0.1162 3 12 1 1
2194 2194 0.1156 3 12 1 1
2196 2196 0.1137 3 1 1 1
2197 2197 0.1135 3 1 2 1
2198 2198 0.1132 3 1 1 1
2201 2201 0.1124 3 1 2 1
2202 2202 0.1116 3 10 1 1
2205 2205 0.1051 3 12 1 1
2206 2206 0.1051 3 1 1 1
2207 2207 0.1045 3 12 1 1
2208 2208 0.1041 3 12 1 1
2209 2209 0.1031 3 1 2 1
2210 2210 0.1021 3 1 1 1
2212 2212 0.1 3 4 1 1
2213 2213 0.0991 3 1 2 1
2214 2214 0.099 3 1 1 1
2215 2215 0.0984 3 12 1 1
2218 2218 0.0954 3 1 2 1
2220 2220 0.0932 3 12 1 1
2221 2221 0.091 3 12 1 1
2223 2223 0.089 3 1 3 1
2225 2225 0.0877 3 10 1 1
2226 2226 0.0875 3 1 1 1
2227 2227 0.0866 3 1 1 1
2228 2228 0.0854 3 2 1 1
2230 2230 0.0844 3 1 2 1
2231 2231 0.0831 3 10 1 1
2233 2233 0.0798 3 1 1 1
2237 2237 0.0714 3 10 1 1
2238 2238 0.0706 3 10 1 1
2239 2239 0.0686 3 1 1 1
2240 2240 0.0679 3 10 1 1
2243 2243 0.0644 3 2 1 1
2244 2244 0.0643 3 1 1 1
2246 2246 0.0639 3 11 1 1
2248 2248 0.0637 3 11 1 1
2249 2249 0.0633 3 10 1 1
2251 2251 0.0593 3 11 1 1
2252 2252 0.0568 3 10 1 1
2254 2254 0.0558 3 10 1 1
2256 2256 0.0533 3 10 1 1
2257 2257 0.0519 3 10 1 1
2259 2259 0.0502 3 10 1 1
2260 2260 0.0479 3 10 1 1
2264 2264 0.0435 3 10 1 1
2265 2265 0.0433 3 11 1 1
2266 2266 0.0411 3 10 1 1
2267 2267 0.0407 3 11 1 1
2271 2271 0.0387 3 11 1 1
2272 2272 0.0366 3 10 1 1
2273 2273 0.035 3 10 1 1
2276 2276 0.0275 3 11 1 1
2279 2279 0.024 3 10 1 1
2280 2280 0.0237 3 10 1 1
2281 2281 0.0207 3 10 1 1
2282 2282 0.0124 3 7 1 1
2283 2283 0.0064 3 7 1 1
2384 2384 3.9413 4 8 1 1
2388 2388 3.5933 4 7 1 1
2389 2389 3.5575 4 9 1 1
2390 2390 3.4574 4 8 1 1
2393 2393 3.215 4 8 1 1
2394 2394 3.1444 4 8 1 1
2396 2396 3.0629 4 7 1 1
2397 2397 3.0269 4 8 1 1
2398 2398 3.0089 4 7 1 1
2399 2399 2.9877 4 12 1 1
2400 2400 2.8942 4 7 1 1
2401 2401 2.8734 4 8 1 1
2402 2402 2.8268 4 12 1 1
2403 2403 2.811 4 8 1 1
2405 2405 2.7886 4 9 1 1
2406 2406 2.7764 4 7 1 1
2407 2407 2.7625 4 10 1 1
2408 2408 2.7169 4 7 1 1
2409 2409 2.6957 4 8 1 1
2410 2410 2.6439 4 7 1 1
2411 2411 2.626 4 7 1 1
2412 2412 2.6213 4 9 1 1
2413 2413 2.5917 4 8 1 1
2414 2414 2.5463 4 9 1 1
2415 2415 2.5134 4 7 1 1
2416 2416 2.4386 4 9 1 1
2417 2417 2.4196 4 9 1 1
2418 2418 2.4094 4 7 1 1
2419 2419 2.3914 4 12 1 1
2420 2420 2.3901 4 7 1 1
2421 2421 2.3556 4 12 1 1
2422 2422 2.3337 4 7 1 1
2423 2423 2.3228 4 8 1 1
2424 2424 2.2995 4 7 1 1
2425 2425 2.2863 4 8 1 1
2426 2426 2.2853 4 8 1 1
2427 2427 2.2784 4 8 1 1
2428 2428 2.2658 4 9 1 1
2429 2429 2.261 4 9 1 1
2430 2430 2.1705 4 9 1 1
2431 2431 2.1028 4 8 1 1
2432 2432 2.101 4 8 1 1
2433 2433 2.065 4 8 1 1
2434 2434 2.0529 4 9 1 1
2435 2435 2.0231 4 9 1 1
2436 2436 2.0204 4 12 1 1
2437 2437 2.006 4 7 1 1
2438 2438 2.0027 4 7 1 1
2439 2439 1.9752 4 9 1 1
2441 2441 1.9651 4 9 1 1
2442 2442 1.9554 4 7 1 1
2443 2443 1.9293 4 7 1 1
2444 2444 1.9247 4 12 1 1
2445 2445 1.923 4 11 3 1
2446 2446 1.8931 4 7 1 1
2447 2447 1.8856 4 9 1 1
2448 2448 1.8512 4 9 1 1
2449 2449 1.843 4 7 1 1
2450 2450 1.8067 4 10 1 1
2451 2451 1.7896 4 7 1 1
2452 2452 1.7842 4 9 1 1
2453 2453 1.7537 4 7 1 1
2454 2454 1.746 4 12 1 1
2455 2455 1.7194 4 7 1 1
2456 2456 1.7106 4 11 3 1
2457 2457 1.7005 4 8 1 1
2458 2458 1.6958 4 9 1 1
2459 2459 1.6549 4 7 1 1
2460 2460 1.5621 4 9 1 1
2461 2461 1.505 4 10 1 1
2462 2462 1.5029 4 9 1 1
2463 2463 1.4699 4 7 1 1
2464 2464 1.4481 4 9 1 1
2465 2465 1.4393 4 9 1 1
2466 2466 1.4144 4 8 1 1
2467 2467 1.4098 4 12 1 1
2468 2468 1.3951 4 11 3 1
2469 2469 1.3893 4 8 1 1
2470 2470 1.3299 4 7 1 1
2471 2471 1.3233 4 9 1 1
2472 2472 1.3083 4 7 1 1
2473 2473 1.2351 4 9 1 1
2474 2474 1.2333 4 9 1 1
2475 2475 1.2084 4 7 1 1
2476 2476 1.1803 4 7 1 1
2477 2477 1.1533 4 8 1 1
2478 2478 1.1449 4 7 1 1
2480 2480 1.0771 4 8 1 1
2481 2481 1.0638 4 8 1 1
2482 2482 1.0622 4 9 1 1
2483 2483 1.0102 4 8 1 1
2484 2484 0.9857 4 9 1 1
2485 2485 0.9749 4 7 1 1
2486 2486 0.9003 4 8 1 1
2487 2487 0.8995 4 8 1 1
2488 2488 0.8811 4 8 1 1
2491 2491 0.7531 4 8 1 1
2493 2493 0.6579 4 9 1 1
2494 2494 0.6552 4 8 1 1
2495 2495 0.6546 4 8 1 1
2496 2496 0.6435 4 7 1 1
2497 2497 0.6407 4 8 1 1
2498 2498 0.6085 4 9 1 1
2501 2501 0.5 4 10 1 1
2504 2504 0.4441 4 9 1 1
2514 2514 0.2481 4 12 1 1
2521 2521 0.2082 4 12 1 1
2527 2527 0.1614 4 12 1 1
2529 2529 0.1516 4 12 1 1
2533 2533 0.1432 4 12 1 1
2534 2534 0.1432 4 12 1 1
2535 2535 0.1424 4 12 1 1
2536 2536 0.1419 4 12 1 1
2537 2537 0.1406 4 10 1 1
2538 2538 0.1406 4 12 1 1
2539 2539 0.1402 4 12 1 1
2542 2542 0.1366 4 12 1 1
2550 2550 0.1225 4 10 1 1
2552 2552 0.1206 4 10 1 1
2554 2554 0.1173 4 10 1 1
2555 2555 0.1103 4 12 1 1
2557 2557 0.1082 4 12 1 1
2558 2558 0.1078 4 12 1 1
2559 2559 0.1061 4 12 1 1
2560 2560 0.1057 4 12 1 1
2563 2563 0.1003 4 10 1 1
2564 2564 0.1 4 12 1 1
2565 2565 0.0996 4 12 1 1
2566 2566 0.0985 4 12 1 1
2567 2567 0.0977 4 12 1 1
2568 2568 0.0962 4 12 1 1
2569 2569 0.0952 4 12 1 1
2571 2571 0.0904 4 10 1 1
2572 2572 0.0902 4 10 1 1
2573 2573 0.0899 4 12 1 1
2574 2574 0.0894 4 12 1 1
2575 2575 0.0893 4 10 1 1
2576 2576 0.0891 4 12 1 1
2578 2578 0.0874 4 10 1 1
2579 2579 0.0849 4 10 1 1
2581 2581 0.0826 4 12 1 1
2582 2582 0.0806 4 12 1 1
2583 2583 0.0805 4 12 1 1
2585 2585 0.0796 4 12 1 1
2586 2586 0.0789 4 12 1 1
2588 2588 0.0786 4 10 1 1
2589 2589 0.0776 4 12 1 1
2590 2590 0.0773 4 12 1 1
2591 2591 0.0765 4 10 1 1
2592 2592 0.076 4 10 1 1
2593 2593 0.0757 4 9 1 1
2594 2594 0.0755 4 12 1 1
2595 2595 0.0741 4 10 1 1
2596 2596 0.0741 4 12 1 1
2597 2597 0.0733 4 12 1 1
2598 2598 0.0731 4 12 1 1
2599 2599 0.0728 4 12 1 1
2601 2601 0.071 4 12 1 1
2602 2602 0.0693 4 12 1 1
2604 2604 0.0678 4 12 1 1
2605 2605 0.0676 4 12 1 1
2607 2607 0.0657 4 10 1 1
2608 2608 0.0654 4 12 1 1
2609 2609 0.063 4 10 1 1
2611 2611 0.0577 4 12 1 1
2613 2613 0.0567 4 12 1 1
2614 2614 0.054 4 8 1 1
2616 2616 0.053 4 10 1 1
2617 2617 0.0497 4 12 1 1
2619 2619 0.0481 4 10 1 1
2622 2622 0.0455 4 10 1 1
2623 2623 0.0452 4 12 1 1
2624 2624 0.0423 4 10 1 1
2625 2625 0.0417 4 10 1 1
2626 2626 0.0398 4 10 1 1
2627 2627 0.0398 4 12 1 1
2628 2628 0.0367 4 10 1 1
2629 2629 0.0358 4 8 1 1
2630 2630 0.0356 4 12 1 1
2632 2632 0.0343 4 10 1 1
2633 2633 0.0335 4 10 1 1
2634 2634 0.0331 4 10 1 1
2636 2636 0.0307 4 10 1 1
2638 2638 0.0258 4 12 1 1
2640 2640 0.02 4 10 1 1
2642 2642 0.0165 4 12 1 1
2643 2643 0.0132 4 10 1 1
2644 2644 0.007 4 12 1 1
